fechaTorneo|Liga|grupo|fecha |estadio|local|visitante
1|2|1|11-05-2010 11:00|1|1|3
1|2|1|11-05-2010 15:30|2|2|4
2|2|1|16-05-2010 15:30|3|1|2
2|2|1|17-05-2010  8:30|4|4|3
3|2|1|22-05-2010 11:00|5|4|1		
3|2|1|22-05-2010 11:00|6|3|2		
1|2|2|12-05-2010 11:00|10|5|8		
1|2|2|12-05-2010 11:00|7|6|7		
2|2|2|17-05-2010  8:30|10|5|6		
2|2|2|17-05-2010 11:00|5|7|8		
3|2|2|22-05-2010 15:30|4|7|5		
3|2|2|22-05-2010 15:30|8|8|6		
1|2|3|12-05-2010 15:30|6|9|10		
1|2|3|13-05-2010  8:30|4|11|12		
2|2|3|18-05-2010 15:30|2|9|11		
2|2|3|18-05-2010 11:00|10|12|10		
3|2|3|23-05-2010 11:00|7|12|9		
3|2|3|23-05-2010 11:00|3|10|11		
1|2|4|13-05-2010 11:00|8|13|16		
1|2|4|13-05-2010 15:30|3|14|15		
2|2|4|18-05-2010  8:30|7|13|14		
2|2|4|19-05-2010  8:30|6|15|16		
3|2|4|23-05-2010 15:30|10|15|13		
3|2|4|23-05-2010 15:30|9|16|14		
1|2|5|14-05-2010  8:30|10|17|19		
1|2|5|14-05-2010 11:00|5|18|20		
2|2|5|19-05-2010 11:00|8|17|18		
2|2|5|19-05-2010 15:30|3|20|19		
3|2|5|24-05-2010 15:30|2|20|17		
3|2|5|24-05-2010 15:30|6|19|18		
1|2|6|14-05-2010 15:30|2|21|22		
1|2|6|15-05-2010  8:30|6|23|24		
2|2|6|20-05-2010 11:00|9|21|23		
2|2|6|20-05-2010  8:30|5|24|22		
3|2|6|24-05-2010 11:00|10|24|21		
3|2|6|24-05-2010 11:00|4|22|23		
1|2|7|15-05-2010 15:30|10|25|28		
1|2|7|15-05-2010 11:00|7|27 | 26		
2|2|7|20-05-2010 15:30|10|25|27		
2|2|7|21-05-2010  8:30|2|26|28		
3|2|7|25-05-2010 11:00|8|26|25		
3|2|7|25-05-2010 11:00|9|28|27		
1|2|8|16-05-2010 11:00|8|29|31		
1|2|8|16-05-2010  8:30|9|32|30		
2|2|8|21-05-2010  8:30|10|29|32		
2|2|8|21-05-2010 11:00|7|30|31		
3|2|8|25-05-2010 15:30|3|30|29		
3|2|8|25-05-2010 15:30|5|31|32		
